Experiment	bias spectroscopy	
Date	14.10.2024 17:43:53	
User		
X (m)	88.2408E-9	
Y (m)	134.942E-9	
Z (m)	-115.439E-9	
Z offset (m)	0E+0	
Settling time (s)	200E-6	
Integration time (s)	50E-3	
Z-Ctrl hold	TRUE	
Final Z (m)	N/A	
Filter type	None	
Order		
Cutoff frq		
Comment01	GBN_229, on graphene,  Vgset=0V, setpoint 20pA, 500mV bias, 20mV sens, 10ms Tc, 10mV osc.	
Bias>Bias (V)	1E+0	
Bias>Calibration (V/V)	-1E+0	
Bias>Offset (V)	-13.22E-3	
Bias Spectroscopy>Sweep Start (V)	1E+0	
Bias Spectroscopy>Sweep End (V)	-1E+0	
Bias Spectroscopy>Num Pixel	256	
Bias Spectroscopy>Z Avg time (s)	200E-3	
Bias Spectroscopy>Z offset (m)	0E+0	
Bias Spectroscopy>1st Settling time (s)	1E+0	
Bias Spectroscopy>Settling time (s)	200E-6	
Bias Spectroscopy>Integration time (s)	50E-3	
Bias Spectroscopy>End Settling time (s)	5E-3	
Bias Spectroscopy>Z control time (s)	15E-3	
Bias Spectroscopy>Max Slew rate (V/s)	1E+0	
Bias Spectroscopy>backward sweep	FALSE	
Bias Spectroscopy>Z-controller hold	TRUE	
Bias Spectroscopy>Number of sweeps	1	
Bias Spectroscopy>Channels	Current (A);LI X (V);LI Y (V)	
Bias Spectroscopy>Reset Bias	TRUE	
Bias Spectroscopy>Record final Z	FALSE	
Bias Spectroscopy>Lock-In run	FALSE	
Bias Spectroscopy>Sweep mode	Linear	
Bias Spectroscopy>MultiLine Settings : Segment Start (V), Segment End (V), Settling (s), Integration (s), Steps (xn)	-1E+0,1E+0,100E-6,100E-6,256	
Current>Current (A)	263.249E-12	
Current>Calibration (A/V)	333.33E-12	
Current>Offset (A)	-540.567E-15	
Current>Gain	High	
NanonisMain>Session Path	C:\Data\Projects\F4-TCNQ on graphene devices\Device ZC XX	
NanonisMain>SW Version	Generic 4	
NanonisMain>UI Release	8987	
NanonisMain>RT Release	8987	
NanonisMain>RT Frequency (Hz)	10E+3	
NanonisMain>Signals Oversampling	10	
NanonisMain>Animations Period (s)	20E-3	
NanonisMain>Indicators Period (s)	300E-3	
NanonisMain>Measurements Period (s)	500E-3	
Scan>Scanfield	96.7388E-9;125.478E-9;30E-9;30E-9;0E+0	
Scan>series name	Image1.31_	
Scan>channels	Current (A);LI X (V);LI Y (V);I_drain (A);Bias (V);V_source (V);Z (m);Amplitude (m);Frequency Shift (Hz)	
Scan>pixels/line	256	
Scan>lines	256	
Scan>speed forw. (m/s)	78.125E-9	
Scan>speed backw. (m/s)	78.125E-9	
Z-Controller>Z (m)	-115.381E-9	
Z-Controller>Controller name	log current w/ AFM Safetip	
Z-Controller>Controller status	ON	
Z-Controller>Setpoint	100E-12	
Z-Controller>Setpoint unit	A	
Z-Controller>P gain	30E-12	
Z-Controller>I gain	30E-9	
Z-Controller>Time const (s)	1E-3	
Z-Controller>TipLift (m)	0E+0	
Z-Controller>Switch off delay (s)	50E-3	

[DATA]
Bias calc (V)	Current (A)	LI X (V)	LI Y (V)
1.00000E+0	107.678E-12	-133.000E-6	177.911E-3
992.157E-3	109.029E-12	-136.052E-6	173.942E-3
984.314E-3	106.087E-12	-138.585E-6	193.940E-3
976.471E-3	109.620E-12	-150.456E-6	187.256E-3
968.627E-3	104.984E-12	-148.564E-6	187.446E-3
960.784E-3	109.022E-12	-139.988E-6	192.015E-3
952.941E-3	103.762E-12	-129.154E-6	172.209E-3
945.098E-3	108.209E-12	-128.513E-6	199.478E-3
937.255E-3	102.975E-12	-135.929E-6	165.415E-3
929.412E-3	106.700E-12	-136.753E-6	177.791E-3
921.569E-3	103.496E-12	-138.157E-6	195.671E-3
913.725E-3	104.226E-12	-138.585E-6	174.785E-3
905.882E-3	104.401E-12	-139.592E-6	184.336E-3
898.039E-3	102.322E-12	-144.627E-6	212.986E-3
890.196E-3	103.070E-12	-145.695E-6	176.654E-3
882.353E-3	104.132E-12	-136.937E-6	180.003E-3
874.510E-3	101.434E-12	-142.186E-6	176.196E-3
866.667E-3	103.521E-12	-142.705E-6	222.898E-3
858.824E-3	100.940E-12	-140.141E-6	209.935E-3
850.980E-3	101.288E-12	-143.559E-6	181.612E-3
843.137E-3	100.029E-12	-147.557E-6	196.369E-3
835.294E-3	99.9537E-12	-133.976E-6	222.257E-3
827.451E-3	100.252E-12	-131.352E-6	228.004E-3
819.608E-3	98.6949E-12	-144.841E-6	213.257E-3
811.765E-3	99.4230E-12	-146.001E-6	236.513E-3
803.922E-3	97.5959E-12	-144.383E-6	225.174E-3
796.078E-3	97.4128E-12	-141.240E-6	176.935E-3
788.235E-3	97.0509E-12	-132.359E-6	191.993E-3
780.392E-3	96.7177E-12	-128.758E-6	206.016E-3
772.549E-3	96.1743E-12	-135.807E-6	222.692E-3
764.706E-3	94.6754E-12	-136.692E-6	212.243E-3
756.863E-3	95.4401E-12	-142.582E-6	221.418E-3
749.020E-3	93.3088E-12	-144.841E-6	207.914E-3
741.176E-3	94.5080E-12	-146.733E-6	213.818E-3
733.333E-3	92.9255E-12	-140.782E-6	250.666E-3
725.490E-3	91.6645E-12	-139.348E-6	222.682E-3
717.647E-3	93.6966E-12	-136.540E-6	231.757E-3
709.804E-3	90.0912E-12	-141.545E-6	270.907E-3
701.961E-3	91.3343E-12	-147.130E-6	244.458E-3
694.118E-3	89.7355E-12	-148.015E-6	241.074E-3
686.275E-3	90.0888E-12	-137.028E-6	236.441E-3
678.431E-3	89.0696E-12	-132.359E-6	204.324E-3
670.588E-3	88.5993E-12	-133.976E-6	220.950E-3
662.745E-3	88.0363E-12	-137.608E-6	220.754E-3
654.902E-3	87.2969E-12	-138.676E-6	206.440E-3
647.059E-3	86.6888E-12	-140.172E-6	221.808E-3
639.216E-3	86.9341E-12	-145.604E-6	222.223E-3
631.373E-3	84.7556E-12	-154.210E-6	191.955E-3
623.529E-3	85.1846E-12	-146.489E-6	223.890E-3
615.686E-3	84.0765E-12	-142.155E-6	208.571E-3
607.843E-3	82.7907E-12	-138.646E-6	216.700E-3
600.000E-3	83.7904E-12	-146.123E-6	222.262E-3
592.157E-3	81.5846E-12	-139.775E-6	242.401E-3
584.314E-3	83.5336E-12	-140.416E-6	236.598E-3
576.471E-3	80.0793E-12	-136.479E-6	239.380E-3
568.627E-3	81.9192E-12	-155.248E-6	221.398E-3
560.784E-3	78.3758E-12	-155.675E-6	229.009E-3
552.941E-3	80.8077E-12	-155.766E-6	228.572E-3
545.098E-3	76.8439E-12	-142.674E-6	226.481E-3
537.255E-3	80.0254E-12	-151.006E-6	239.504E-3
529.412E-3	75.6894E-12	-156.102E-6	252.734E-3
521.569E-3	77.7289E-12	-140.629E-6	220.181E-3
513.726E-3	75.2812E-12	-144.475E-6	249.821E-3
505.882E-3	76.1156E-12	-145.726E-6	204.854E-3
498.039E-3	74.5417E-12	-143.498E-6	213.459E-3
490.196E-3	74.2307E-12	-144.200E-6	227.887E-3
482.353E-3	73.9625E-12	-141.118E-6	232.136E-3
474.510E-3	71.9977E-12	-143.681E-6	227.505E-3
466.667E-3	72.6447E-12	-147.526E-6	241.963E-3
458.824E-3	70.8365E-12	-146.245E-6	220.091E-3
450.980E-3	71.5778E-12	-138.646E-6	252.428E-3
443.137E-3	69.1579E-12	-135.716E-6	233.103E-3
435.294E-3	70.0009E-12	-135.350E-6	260.268E-3
427.451E-3	67.7898E-12	-127.873E-6	254.462E-3
419.608E-3	68.1777E-12	-142.186E-6	244.025E-3
411.765E-3	65.8978E-12	-130.528E-6	248.851E-3
403.922E-3	66.6784E-12	-134.526E-6	263.719E-3
396.078E-3	64.2393E-12	-136.509E-6	295.963E-3
388.235E-3	64.2417E-12	-128.727E-6	281.578E-3
380.392E-3	62.4335E-12	-130.894E-6	297.916E-3
372.549E-3	62.1617E-12	-136.418E-6	297.862E-3
364.706E-3	60.7714E-12	-138.371E-6	294.240E-3
356.863E-3	59.7653E-12	-130.009E-6	307.032E-3
349.020E-3	59.2328E-12	-140.568E-6	342.780E-3
341.176E-3	57.2119E-12	-146.550E-6	317.832E-3
333.333E-3	56.6854E-12	-137.211E-6	308.954E-3
325.490E-3	54.7552E-12	-143.712E-6	339.045E-3
317.647E-3	54.1441E-12	-130.039E-6	335.959E-3
309.804E-3	52.0322E-12	-120.396E-6	335.669E-3
301.961E-3	52.1962E-12	-127.262E-6	349.248E-3
294.118E-3	49.1062E-12	-125.675E-6	366.793E-3
286.275E-3	49.2187E-12	-127.049E-6	352.085E-3
278.431E-3	46.7806E-12	-123.539E-6	354.077E-3
270.588E-3	45.9942E-12	-125.309E-6	355.980E-3
262.745E-3	44.7844E-12	-129.826E-6	369.566E-3
254.902E-3	43.0277E-12	-127.140E-6	328.225E-3
247.059E-3	42.4093E-12	-130.497E-6	346.571E-3
239.216E-3	39.7754E-12	-130.375E-6	342.572E-3
231.373E-3	39.4006E-12	-133.518E-6	370.533E-3
223.529E-3	37.4480E-12	-123.692E-6	355.488E-3
215.686E-3	36.7108E-12	-130.589E-6	346.716E-3
207.843E-3	34.0935E-12	-131.687E-6	357.168E-3
200.000E-3	34.2964E-12	-131.352E-6	345.009E-3
192.157E-3	31.4894E-12	-138.188E-6	339.934E-3
184.314E-3	31.3425E-12	-141.392E-6	328.357E-3
176.471E-3	28.6067E-12	-143.010E-6	348.352E-3
168.627E-3	28.7793E-12	-137.822E-6	341.136E-3
160.784E-3	26.0115E-12	-134.159E-6	352.131E-3
152.941E-3	25.6191E-12	-137.242E-6	318.788E-3
145.098E-3	23.7080E-12	-127.201E-6	320.247E-3
137.255E-3	22.5144E-12	-134.434E-6	333.553E-3
129.412E-3	21.2775E-12	-138.859E-6	335.746E-3
121.569E-3	19.6658E-12	-133.488E-6	326.014E-3
113.725E-3	18.6393E-12	-128.544E-6	316.797E-3
105.882E-3	17.1252E-12	-137.303E-6	282.595E-3
98.0392E-3	15.8922E-12	-126.621E-6	312.863E-3
90.1961E-3	14.3538E-12	-131.291E-6	326.479E-3
82.3529E-3	13.3361E-12	-137.394E-6	326.939E-3
74.5098E-3	11.5869E-12	-139.958E-6	319.828E-3
66.6667E-3	10.6203E-12	-135.807E-6	310.812E-3
58.8235E-3	9.01792E-12	-131.504E-6	312.958E-3
50.9804E-3	8.02306E-12	-142.979E-6	284.293E-3
43.1373E-3	6.53772E-12	-132.481E-6	295.286E-3
35.2941E-3	5.31621E-12	-134.770E-6	306.552E-3
27.4510E-3	4.11823E-12	-123.112E-6	263.979E-3
19.6078E-3	2.75278E-12	-131.809E-6	283.293E-3
11.7647E-3	1.53211E-12	-127.812E-6	293.399E-3
3.92157E-3	289.792E-15	-131.962E-6	274.952E-3
-3.92157E-3	-929.980E-15	-132.450E-6	268.035E-3
-11.7647E-3	-2.10531E-12	-135.868E-6	273.677E-3
-19.6078E-3	-3.35391E-12	-131.413E-6	262.545E-3
-27.4510E-3	-4.47687E-12	-135.685E-6	255.747E-3
-35.2941E-3	-5.80742E-12	-141.697E-6	253.228E-3
-43.1373E-3	-6.88943E-12	-141.942E-6	259.099E-3
-50.9804E-3	-8.35559E-12	-137.974E-6	285.204E-3
-58.8235E-3	-9.49934E-12	-135.014E-6	279.197E-3
-66.6667E-3	-10.8774E-12	-140.721E-6	290.462E-3
-74.5098E-3	-12.1233E-12	-137.150E-6	288.836E-3
-82.3529E-3	-13.4772E-12	-128.239E-6	290.176E-3
-90.1961E-3	-14.8120E-12	-134.037E-6	285.085E-3
-98.0392E-3	-16.1422E-12	-133.518E-6	269.130E-3
-105.882E-3	-17.6572E-12	-135.014E-6	317.143E-3
-113.725E-3	-18.9248E-12	-141.758E-6	314.774E-3
-121.569E-3	-20.5373E-12	-146.947E-6	306.660E-3
-129.412E-3	-21.9091E-12	-142.888E-6	313.821E-3
-137.255E-3	-23.5432E-12	-143.254E-6	305.746E-3
-145.098E-3	-24.6360E-12	-141.362E-6	322.732E-3
-152.941E-3	-26.4771E-12	-136.509E-6	295.325E-3
-160.784E-3	-28.0549E-12	-133.549E-6	325.428E-3
-168.627E-3	-29.6405E-12	-144.841E-6	336.001E-3
-176.471E-3	-30.9183E-12	-135.746E-6	355.590E-3
-184.314E-3	-32.9495E-12	-146.916E-6	347.584E-3
-192.157E-3	-34.1644E-12	-137.822E-6	355.093E-3
-200.000E-3	-35.9201E-12	-136.113E-6	333.359E-3
-207.843E-3	-37.8281E-12	-130.284E-6	318.548E-3
-215.686E-3	-39.1566E-12	-138.646E-6	366.827E-3
-223.529E-3	-41.2871E-12	-136.662E-6	352.807E-3
-231.373E-3	-42.7119E-12	-135.716E-6	348.691E-3
-239.216E-3	-44.5356E-12	-136.265E-6	342.955E-3
-247.059E-3	-46.3030E-12	-135.594E-6	354.270E-3
-254.902E-3	-48.5264E-12	-129.185E-6	370.449E-3
-262.745E-3	-50.0736E-12	-134.281E-6	357.367E-3
-270.588E-3	-51.5330E-12	-133.763E-6	363.380E-3
-278.431E-3	-54.0360E-12	-135.411E-6	364.076E-3
-286.275E-3	-55.1964E-12	-140.233E-6	395.350E-3
-294.118E-3	-58.5734E-12	-141.758E-6	388.943E-3
-301.961E-3	-58.7918E-12	-145.024E-6	390.466E-3
-309.804E-3	-62.7508E-12	-148.015E-6	394.970E-3
-317.647E-3	-62.8350E-12	-142.705E-6	409.276E-3
-325.490E-3	-66.0298E-12	-138.127E-6	396.546E-3
-333.333E-3	-67.1871E-12	-138.340E-6	385.770E-3
-341.176E-3	-70.2313E-12	-142.857E-6	407.434E-3
-349.020E-3	-72.3834E-12	-143.986E-6	412.154E-3
-356.863E-3	-74.3653E-12	-139.317E-6	395.648E-3
-364.706E-3	-76.2366E-12	-139.622E-6	450.496E-3
-372.549E-3	-78.3373E-12	-143.681E-6	421.569E-3
-380.392E-3	-81.3497E-12	-136.235E-6	385.565E-3
-388.235E-3	-81.1897E-12	-132.298E-6	399.610E-3
-396.078E-3	-85.8481E-12	-129.337E-6	391.560E-3
-403.922E-3	-86.2271E-12	-134.922E-6	402.085E-3
-411.765E-3	-88.2161E-12	-133.366E-6	401.373E-3
-419.608E-3	-91.1117E-12	-123.936E-6	401.501E-3
-427.451E-3	-92.7389E-12	-131.840E-6	412.145E-3
-435.294E-3	-95.0119E-12	-135.472E-6	401.520E-3
-443.137E-3	-96.5531E-12	-140.049E-6	378.742E-3
-450.980E-3	-98.2389E-12	-130.772E-6	370.834E-3
-458.824E-3	-99.3699E-12	-132.359E-6	363.603E-3
-466.667E-3	-101.842E-12	-135.624E-6	335.173E-3
-474.510E-3	-104.025E-12	-131.687E-6	325.499E-3
-482.353E-3	-105.245E-12	-129.185E-6	296.763E-3
-490.196E-3	-107.707E-12	-131.870E-6	298.544E-3
-498.039E-3	-108.610E-12	-126.835E-6	264.786E-3
-505.882E-3	-110.279E-12	-131.870E-6	269.298E-3
-513.726E-3	-111.421E-12	-128.666E-6	286.811E-3
-521.569E-3	-114.425E-12	-137.303E-6	292.660E-3
-529.412E-3	-116.450E-12	-131.321E-6	312.213E-3
-537.255E-3	-116.017E-12	-132.694E-6	281.700E-3
-545.098E-3	-120.569E-12	-136.753E-6	284.007E-3
-552.941E-3	-119.739E-12	-144.230E-6	291.233E-3
-560.784E-3	-124.043E-12	-130.802E-6	298.748E-3
-568.627E-3	-124.525E-12	-129.276E-6	270.984E-3
-576.471E-3	-125.981E-12	-137.547E-6	271.916E-3
-584.314E-3	-128.697E-12	-133.549E-6	307.132E-3
-592.157E-3	-129.551E-12	-138.493E-6	309.404E-3
-600.000E-3	-131.628E-12	-141.392E-6	325.303E-3
-607.843E-3	-132.232E-12	-147.557E-6	302.354E-3
-615.686E-3	-135.754E-12	-139.409E-6	314.512E-3
-623.529E-3	-135.404E-12	-135.899E-6	300.324E-3
-631.373E-3	-141.403E-12	-144.200E-6	318.955E-3
-639.216E-3	-137.257E-12	-133.152E-6	295.943E-3
-647.059E-3	-145.419E-12	-130.528E-6	308.069E-3
-654.902E-3	-140.819E-12	-133.641E-6	306.516E-3
-662.745E-3	-147.876E-12	-133.427E-6	304.131E-3
-670.588E-3	-143.020E-12	-132.084E-6	292.872E-3
-678.431E-3	-153.310E-12	-132.878E-6	260.831E-3
-686.275E-3	-148.302E-12	-128.971E-6	323.415E-3
-694.118E-3	-153.950E-12	-138.249E-6	271.076E-3
-701.961E-3	-153.718E-12	-130.070E-6	282.094E-3
-709.804E-3	-158.631E-12	-135.807E-6	257.365E-3
-717.647E-3	-156.744E-12	-136.723E-6	289.119E-3
-725.490E-3	-160.171E-12	-138.157E-6	261.336E-3
-733.333E-3	-162.614E-12	-136.326E-6	254.474E-3
-741.176E-3	-161.617E-12	-132.908E-6	278.118E-3
-749.020E-3	-165.978E-12	-133.335E-6	255.500E-3
-756.863E-3	-165.612E-12	-144.963E-6	276.362E-3
-764.706E-3	-171.110E-12	-140.843E-6	206.264E-3
-772.549E-3	-168.156E-12	-133.457E-6	242.555E-3
-780.392E-3	-175.487E-12	-132.847E-6	212.132E-3
-788.235E-3	-169.388E-12	-133.396E-6	219.680E-3
-796.078E-3	-178.364E-12	-134.953E-6	217.948E-3
-803.922E-3	-174.617E-12	-140.324E-6	190.537E-3
-811.765E-3	-180.071E-12	-143.590E-6	189.668E-3
-819.608E-3	-176.881E-12	-136.204E-6	170.524E-3
-827.451E-3	-181.724E-12	-135.350E-6	191.046E-3
-835.294E-3	-183.838E-12	-133.732E-6	217.400E-3
-843.137E-3	-183.873E-12	-128.269E-6	157.450E-3
-850.980E-3	-186.094E-12	-123.905E-6	197.675E-3
-858.824E-3	-185.585E-12	-132.023E-6	219.680E-3
-866.667E-3	-191.846E-12	-137.364E-6	183.658E-3
-874.510E-3	-188.022E-12	-139.744E-6	201.944E-3
-882.353E-3	-193.584E-12	-136.845E-6	195.591E-3
-890.196E-3	-192.538E-12	-136.479E-6	192.084E-3
-898.039E-3	-195.250E-12	-126.835E-6	172.645E-3
-905.882E-3	-194.005E-12	-132.908E-6	173.968E-3
-913.725E-3	-199.826E-12	-136.692E-6	207.854E-3
-921.569E-3	-197.871E-12	-131.474E-6	186.011E-3
-929.412E-3	-200.397E-12	-128.422E-6	199.703E-3
-937.255E-3	-201.538E-12	-128.941E-6	211.098E-3
-945.098E-3	-202.392E-12	-138.310E-6	154.372E-3
-952.941E-3	-208.068E-12	-132.939E-6	213.546E-3
-960.784E-3	-204.066E-12	-138.157E-6	197.232E-3
-968.627E-3	-211.855E-12	-130.131E-6	198.473E-3
-976.471E-3	-206.645E-12	-127.445E-6	250.634E-3
-984.314E-3	-217.265E-12	-130.589E-6	290.470E-3
-992.157E-3	-209.531E-12	-130.650E-6	243.414E-3
-1.00000E+0	-218.513E-12	-127.903E-6	251.650E-3
